100  397.217500
100  479.008500
100  361.455000
100  445.293000
100  453.359000
100  435.607000
100  428.866000
100  354.948500
100  445.355500
100  311.824500
10000  51.363100
10000  40.854380
10000  39.845665
10000  47.625880
10000  48.040570
10000  47.219445
10000  39.671750
10000  48.718770
10000  44.773235
10000  46.691515
1000000  36.508732
1000000  36.872880
1000000  36.452342
1000000  36.393867
1000000  36.859930
1000000  36.585228
1000000  36.598706
1000000  36.792851
1000000  36.815141
1000000  36.670302
10000000  37.711215
10000000  37.775681
10000000  37.733434
10000000  37.669190
10000000  37.700668
10000000  37.600175
10000000  37.613728
10000000  37.866989
10000000  37.973341
10000000  37.815888

