100  320.324000
100  308.101500
100  272.894500
100  271.681000
100  273.609000
100  258.044500
100  278.130000
100  302.028500
100  275.439500
100  271.070000
10000  63.912310
10000  73.069940
10000  64.637635
10000  63.624275
10000  63.307965
10000  63.995775
10000  63.233960
10000  70.094850
10000  63.334470
10000  63.186645
1000000  61.260454
1000000  61.082184
1000000  61.770878
1000000  61.080316
1000000  61.432280
1000000  61.317771
1000000  61.150271
1000000  61.199022
1000000  61.701457
1000000  61.290091
10000000  62.852788
10000000  62.832973
10000000  62.792373
10000000  63.131415
10000000  62.864535
10000000  62.818402
10000000  62.806479
10000000  62.170928
10000000  62.871123
10000000  62.813092

