100  518.000500
100  535.230000
100  510.121500
100  541.811500
100  511.824000
100  483.339000
100  508.814500
100  519.845000
100  476.985500
100  496.402500
10000  33.099575
10000  32.242215
10000  32.413145
10000  32.582070
10000  32.646920
10000  32.760150
10000  36.656285
10000  32.391855
10000  37.184295
10000  32.838905
1000000  28.378117
1000000  28.894538
1000000  28.349133
1000000  28.258979
1000000  28.701695
1000000  28.114456
1000000  28.082646
1000000  28.744414
1000000  28.241980
1000000  28.426095

