551.084000  100
448.488000  100
4736.455000  100
399.514500  100
396.935500  100
368.817000  100
3312.948000  100
364.125000  100
333.051000  100
329.424000  100
267.054935  10000
74.136030  10000
102.862825  10000
65.691980  10000
88.627700  10000
60.147860  10000
57.856160  10000
94.354280  10000
59.806340  10000
61.512380  10000
56.944046  1000000
56.505418  1000000
56.226029  1000000
56.413647  1000000
56.072436  1000000
57.227255  1000000
56.498192  1000000
56.062569  1000000
56.031893  1000000
56.824586  1000000
55.798230  10000000
55.750453  10000000
55.755701  10000000
