100  105.542500
100  102.597500
100  102.349500
100  102.364500
100  113.176000
100  103.685000
100  106.136500
100  113.370500
100  107.325000
100  102.964500
10000  105.785455
10000  106.060480
10000  106.222110
10000  106.125535
10000  106.014610
10000  106.211130
10000  105.614305
10000  105.651105
10000  105.766930
10000  105.827385
1000000  107.358191
1000000  106.858337
1000000  106.780905
1000000  106.757173
1000000  106.929466
1000000  107.383407
1000000  106.657362
1000000  106.780416
1000000  107.065114
1000000  106.813503
10000000  109.373238
10000000  109.291335
10000000  109.387440
10000000  109.533425
10000000  109.310936
10000000  107.491785
10000000  109.339836
10000000  109.296523
10000000  109.554837
10000000  109.372917

