100  136.366500
100  128.686500
100  129.248000
100  128.143000
100  128.476000
100  132.153000
100  127.798000
100  131.982000
100  128.083500
100  139.259000
10000  134.507865
10000  130.908530
10000  130.826885
10000  129.755510
10000  130.295465
10000  130.833455
10000  131.070335
10000  131.036910
10000  134.049570
10000  130.713350
1000000  139.027077
1000000  140.031482
1000000  139.051166
1000000  139.438353
1000000  139.750588
1000000  139.033556
1000000  139.354658
1000000  139.543680
1000000  139.688393
1000000  139.101304
10000000  141.451469
10000000  141.240547
10000000  142.122161
10000000  141.642003
10000000  136.506126
10000000  141.929167
10000000  137.854767
10000000  141.093851
10000000  141.446119
10000000  136.964616

